# EASY

```
                              1  4
                           1  1  1  4
                     3  2  3  1  1  1  7  4  4
                 15  5  6  3  5  3  5  3  6  4 15

              11
            3  6
            2  6
            1  7
      1  1  1  1
   1  1  1  1  1
      1  1  1  1
         1  3  1
            2  2
            3  3
              11
              11
            9  1
1  1  1  1  1  1
1  1  1  1  1  1
```

# MEDIUM

```
                     1                 7
                  7  1     1     1  1  1  7
                  1  3  1  5  1  5  3  1  1
                  1  1  5  1  5  1  1  1  1
               3  3  1  3  1  3  1  3  1  3  3

            9
         1  2
         1  2
         1  2
         1  2
         1  2
            9
            5
           11
      1  5  1
           11
            0
            9
1  1  1  1  1
            9
```

# HARD

```
                  1                 1
                  1                 1
                  1     7     7     1
                  1  7  4 10  4  7  1
            5  3  3  4  1  1  1  4  3  3  5

         7
         5
         7
         5
         7
         5
         7
         1
   1  3  1
         9
      5  5
   2  5  2
1  1  1  1
1  1  1  1
      1  1
```
